The phone numbers below are going to be notified because their paths were overlapped with those of the covid patients

0900060382 0971850535 0925142364 0961442345 0993557778 0925122850 0961908994 0910888397 0918909542 0986684333 
0947066702 0951895695 0963449583 0972930992 0992136964 0955227058 0971673114 0950078704 0943441635 0953724795 
0940439174 0959266441 0986294684 0904993702 0921077731 0922592200 0947591056 0959965802 0986361584 0914343861 
0934415690 0909664449 0911149872 0959982182 0907636588 0969874016 0900336154 0936195714 0906521928 0916386525 
0923520950 0929001036 0962403658 0977426942 0987703155 0968066667 0969307184 0914156655 0951538305 0952463945 
0958851645 0977081236 0919344329 0937246004 0980018625 0963451113 0932769449 0985073405 0901700477 0912865587 
0926723021 0940334026 0947122554 0950125027 0980095414 0923995207 0983166549 0913780812 0916576006 0968001588 
0939802511 0974045285 0966221677 0967085501 0963209916 0938294287 0945926358 0957631060 0928423757 0941518860 
0928380147 0966280122 0979838141 0904462684 0923830884 0929537087 0977010715 0961087327 0982344492 0939874563 
0973905152 0906922504 0914054097 0946863528 0989168168 0939100807 0968644236 0988610569 0940609984 0968125228 
0962197732 0955439921 0960774415 0909747223 0922812343 0945529642 0962084737 0943502785 0975039232 0989161595 
0982834066 0992049110 0982955014 0901378613 0997957547 0905644648 0925288110 0980095845 0987359348 0961330838 
0904159478 0921629741 0960167425 0922685283 0919042692 0914466765 0903165824 0996195828 0967952454 0966083541 
0947330299 0948398142 0903184220 0948559866 0942835727 0920167975 0956170224 0987605286 0973402216 0903173839 
0927561013 0959887196 0972398411 0905753003 0957221927 0971909481 0923156747 0928664488 0994478176 0925396888 
0926095992 0995662781 0942801381 0944131032 0996462738 0956957773 0989376766 0903384516 0942418932 0950044755 
0971295430 0944114629 0961268994 0985517221 0948223693 0906864582 0920269843 0991098967 0992465087 0903749413 
0910772541 0923116316 0941348255 0997605707 0909791929 0997502026 0921496710 0964162723 0903192785 0906084894 
0972684676 0965064703 0925428240 0967141367 0981197593 0928620141 0905789622 0965944004 0928519538 0949577211 
0993404063 0914352819 0966871835 0932069947 0974914792 0995883786 0998399917 0942942238 0974028497 0987023155 
0921908488 0962250475 0974513704 0974622705 0960820153 0943623125 0960942839 0935919140 0949871439 0961652403 
0975233894 0967127735 0902614116 0951506290 0984536907 0985103718 0935253380 0983451018 0984827804 0984869583 
0916329573 0958141054 0978202654 0951519731 0987809694 0902143821 0939624026 0982371608 0981915245 0946802189 
0955145985 0927859076 0934002199 0922568815 0900591553 0966248505 0977470303 0950368253 0980945609 0988686404 
0997607331 0928949898 0958655944 0937021507 0962586302 0977459361 0977579772 0973730805 0999322749 0901601669 
0964074271 0977111013 0991270126 0989658382 0998165587 0965959714 0943489187 0929684783 0934059220 0985079609 
0982735027 0981844775 0978295532 0968973770 0958707512 0949557120 0998389644 0927739256 0933258920 0990526958 
0914109870 0964962370 0929732845 0988972494 0970904708 0969979652 0943428760 0962434379 0955271884 0978615322 
0968474927 0921566033 0924655839 0903905192 0956376119 0959254081 0976078622 0948345623 0968466003 0971821630 
0900335954 0916123292 0977740572 0941330148 0959592431 0947859110 0915349088 0945722125 0946636756 0993881749 
0969872038 0951718856 0944643293 0912496402 0976796573 0996067600 0918598484 0957644501 0920283730 0952197464 
0934451012 0947481648 0959948884 0970549018 0994739567 0915515451 0928097200 0946348337 0942369359 0914357262 
0954335165 0933901174 0952061336 0958559622 0930956647 0964613096 0911644183 0934973240 0939601440 0966049214 
0901952812 0911743887 0946881068 0962945350 0989493604 0973704420 0968148176 0975915831 0932599849 0977887386 
0938138068 0946287487 0950927209 0996164697 0996106781 0979515039 0923610178 0925853869 0953506839 0982746212 
0976407767 0919954577 0997396810 0951950414 0945853967 0950255703 0915512753 0972493493 0999575558 0972169448 
0961168092 0980270356 0964190828 0942921002 0976176523 0993950700 0943854438 0994711246 0930155023 0940411997 
0958910886 0965960045 0934640173 0968801796 0943374224 0956958222 0905432352 0978905483 0920061623 0966850258 
0933912102 0995978137 0975364508 0919544714 0924355115 0933292248 0958164165 0959945886 0973869440 0996228295 
0915587543 0922823288 0968378740 0993727358 0903004741 0979839133 0982253913 0992804561 0972429842 0911596316 
0933522374 0981575216 0950937657 0972271590 0989067468 0951067673 0948768000 0973184875 0977190542 0927372238 
0953563690 0901756875 0962830756 0928304187 0976125780 0930341764 0939984225 0984796991 0901330764 0911997711 
0902827997 0961989010 0936860896 0905142570 0912561612 0974212744 0932213306 0964715528 0967795765 0917886692 
0925045601 0978716192 0954439377 0968162634 0985779109 0999271275 0952847476 0953927941 0921908186 0962422494 
0996465639 0950960582 0977916608 0920763965 0950080497 0989084688 0905089216 0905968185 0913542514 0947511160 
0975132189 0987355810 0902382075 0993185851 0910641356 0915125578 0919693360 0931532077 0947520222 0951978178 
0958824488 0949533075 0912019321 0943906126 0908495504 0963855292 0964712589 0968639285 0906423147 0928724244 
0990216464 0900169082 0948119335 0911528690 0917989465 0986446040 0998585596 0930024633 0917849071 0985574332 
0961232572 0966428157 0986726198 0941671208 0968013830 0926710006 0934644375 0910814187 0958561090 0960547613 
0900689288 0957844533 0962990870 0969511760 0994222201 0905213352 0933807461 0900546340 0942133452 0912105298 
0922456574 0965420945 0992385892 0935622173 0991962872 0907235396 0979408504 0970983148 0937491541 0984255335 
0926135562 0958177946 0934002780 0945500214 0923830149 0931210653 0939583807 0928501188 0950022465 0983441555 
0934924557 0902754104 0922690049 0970948372 0933176368 0953117804 0979600884 0982306218 0979279550 0929342299 
0918334228 0917304921 0987225021 0987223685 0972006902 0978772470 0971931266 0903423340 0914051451 0917363031 
0981754440 0958889381 0984017402 0993453591 0962546418 0936911637 0931357954 0987995481 0994476985 0942294570 
0975939374 0988204895 0992498514 0901030601 0967177939 0984584669 0989290650 0918214694 0993893258 0907501643 
0934122785 0967410043 0912972733 0918744766 0919765858 0927172059 0974376217 0902575873 0949671919 0954156471 
0953855621 0994990280 0987548888 0951848680 0986825625 0983875215 0996210064 0929510162 0938160416 0966626070 
0928175314 0961760771 0990071490 0924635708 0979100537 0917169684 0910853141 0973294567 0907513861 0912536577 
0993349199 0983322439 0960212778 0915116164 0979478607 0982088846 0918948962 0972617521 0913511311 0931432578 
0921650020 0982016801 0986771685 0976526505 0977822370 0989514666 0989673264 0982175299 0928818751 0908213157 
0911039078 0923795093 0944512838 0904538387 0904577820 0989844129 0959410296 0984833893 0999514595 0922371141 
0973945130 0997141509 0959106752 0990154424 0968907437 0990780089 0983936246 0950222585 0931316610 0919704155 
0956004658 0936598521 0964883818 0960918348 0952785146 0963062031 0989058433 0920704137 0960119970 0939434121 
0983699857 0945062036 0968358820 0943344340 0921153858 0983347358 0930634862 0937069775 0974470835 0989288020 
0998016651 0986843911 0907899882 0965941139 0909556532 0930830616 0993750062 0900303743 0983829971 0982742633 
0929669553 0992834742 0973948612 0938929554 0955563083 0902234409 0970289693 0919911288 0945601092 0962832293 
0990880073 0965081038 0976142429 0955987250 0977250282 0974619145 0928377142 0901831449 0912476984 0976275034 
0912251160 0955385085 0938560280 0958406506 0955482477 0981200727 0975759386 0919288469 0991831572 0998553501 
0943173968 0926770312 0935917818 0994798748 0942600872 0965165065 0943084737 0969338954 0978359667 0909774932 
0956461999 0939791152 0966996334 0930951696 0948408545 0960102035 0911288327 0997208834 0938993256 0962954582 
0946510235 0922981926 0955242833 0973417681 0962362795 0976216310 0944427533 0964900514 0996926970 0995418049 
0955334382 0952220293 0917525840 0907587408 0949754885 0914232407 0923309888 0977241631 0956933817 0943704078 
0924140237 0904106105 0955572645 0954000306 0964671531 0968378832 0918994002 0959287561 0984980149 0960585465 
0958337692 0985639146 0978785358 0992302827 0933537725 0918469007 0997428321 0918564766 0948921251 0942394096 
0904472281 0981097379 0988202302 0932310007 0909533941 0965659989 0933799706 0913385223 0919490113 0916732128 
0934575404 0943382317 
