0958921631
0962090832
0993677518
0967265566
0976351537
0989628976
0983688143
0908610611
0927852160
0909884459
0912621392
0908890220
0985651613
0933563645
0922327609
0975161029
0985505571
0980710703
0990589072
0938398092
0902231256
0984398928
0952665198
0941643781
0907324546
0930193829
0993429869
0995520536
0928125825
0926279919
0946332437
0904964631
0954172364
0912354667
0945029753
0961639044
0921989920
0978855931
0974340688
0927916094
0925216759
0979715796
0960588926
0960795309
0994984122
0986865524
0972981713
0960742985
0943225854
0975343710
0964365225
0988639093
0962550281
0914084974
0926582668
0984820475
0958998762
0979633493
0912859490
0985455289
0925239918
0937443534
0998224795
0980800482
0931810412
0973458444
0911206805
0950370375
0952657023
0972497772
0984936984
0999689026
0980752898
0945517507
0918298157
0933582527
0991852090
0972891593
0964143106
0974438119
0903118560
0960307421
0997517074
0986207654
0994014209
0966183475
0959276185
0948155895
0992598909
0945597737
0931369256
0908804229
0971163283
0958196640
0951357520
0913216680
0903936563
0920357063
0905954487
0999824490
0901353178
0935748237
0940905065
0950527816
0960438500
0908983256
0993288537
0965548219
0979538803
0913661455
0911918417
0946220435
0992602727
0995693255
0990765462
0923429177
0907244670
0962886540
0938410304
0973374678
0906722169
0950715305
0974991823
0949515440
0928717795
0999419556
0979399331
0961035390
0996287428
0918080715
0988809042
0976088506
0902609084
0956910585
0902898423
0994788714
0925101220
0942652209
0955128410
0986915380
0939613867
0942953717
0906268955
0944433080
0917805103
0998486933
0975204549
0917751872
0969079479
0992455099
0953032745
0974212928
0905240331
0976761422
0993804431
0941368556
0959005312
0989601535
0994877031
0918769468
0937842947
0934300335
0910318070
0928424826
0940887832
0961783948
0940096678
0930218390
0955620231
0979379968
0926455909
0934856468
0988880412
0983723825
0977601452
0944520155
0963803718
0956490815
0994912957
0951626238
0985763043
0901243160
0915736167
0924265292
0965487992
0918985073
0964310589
0979553110
0935368764
0940017202
0984365630
0922404064
0940713559
0925816961
0910042805
0920910647
0983180150
0932127835
0937953705
0974394935
0988358431
0900375194
0999019313
0923855262
0940870043
0924719662
0907095402
0933565618
0913974685
0927969885
0959300607
0955803307
0922771617
0941136622
0918350681
0981566466
0951330156
0976677077
0941307659
0967916064
0960564992
0984282583
0951689284
0905606682
0982287280
0915159645
0951768752
0934165793
0914320646
0973092755
0934007115
0914770475
0998072465
0948959471
0992855371
0966021301
0966061942
0933276037
0986532248
0977527326
0989148477
0951155206
0951638176
0925857656
0937757396
0960516165
0987586704
0903484842
0902141588
0966849425
0985497752
0950868302
0981834526
0956480140
0975445717
0998736874
0957826472
0930053444
0902144466
0956522932
0942136315
0993064532
0994675152
0900984309
0982703576
0933267928
0915983733
0943595174
0984321725
0988734788
0983298749
0953043772
0996839882
0993811966
0963043063
0985428841
0913223567
0934114604
0983831616
0953159645
0921646746
0991023116
0954696519
0933024564
0903851263
0920347007
0926908834
0925716620
0933272708
0960719838
0924573428
0917207058
0986321527
0970756766
0918360844
0967633283
0986194815
0989546940
0934085958
0935610453
0950229059
0921640393
0992781274
0943707414
0948791295
0924321884
0992877596
0972224861
0935688061
0958279790
0945495974
0921955248
0949851869
0934180230
0940879234
0964038778
0904836919
0984728208
0909009984
0979773719
0965449080
0994717599
0906994452
0903762559
0913208088
0922348998
0906817922
0925688478
0902609912
0927338910
0971328370
0942971140
0910298232
0923627477
0938599337
0949719633
0902293719
0987168745
0979908589
0909773600
0947068541
0901161460
0958621004
0909922318
0942172943
0925081798
0985422647
0922894108
0987138230
0976382654
0943677452
0919877714
0951679703
0940970203
0963379081
0900655962
0915008079
0994699701
0929319407
0933502257
0954703709
0901515903
0981927294
0960522041
0942547102
0999669246
0952396453
0904443017
0927728611
0951166186
0982962759
0932440651
0941554216
0933832056
0971974940
0971231921
0970857481
0978625216
0911674495
0945711797
0982017673
0915069284
0923031847
0972410786
0950176775
0922360893
0920960356
0949267382
0916796063
0980402788
0975017863
0924322491
0956075963
0923423908
0935390821
0985050731
0955922396
0908630026
0940312058
0942649429
0942354385
0910724690
0969876319
0939219960
0963582493
0951803526
0952626338
0948903072
0955135649
0972705945
0907841486
0907705242
0994350921
0994722064
0970259992
0953476402
0916219119
0935703968
0998229711
0998194973
0958686975
0948395387
0924909955
0989038821
0972575413
0975296389
0944178384
0981044191
0988450274
0989355627
0965706744
0910656834
0991757324
0984563273
0988865488
